1, 5, 10,17,24,42, 94, 105

2, 26, 34, 38, 46, 90,104,106,110

20, 30, 31,36,56,80,95,102

3, 7,14,16,33,40,48,61,65,101, 107

4, 6, 11, 41, 53, 73, 75, 82, 85, 99, 103, 108

45, 49, 58, 67, 76, 87, 92, 93, 111, 113

37, 43, 81,83, 91

13, 15, 19,27, 32, 35, 39, 44, 55, 62, 72, 86, 100,

8, 9, 22, 23, 52, 69, 78, 79, 109, 112

18, 21, 28, 57, 63, 66, 71, 77, 88, 96, 97, 114

12, 25, 51, 60, 64, 70, 98

29, 47, 50, 54, 59, 68, 74, 84, 89, 115

GN算法：

社团1是line 3, line 5

社团0是line 1, line 17, line 21

社团2是line 7

社团3是line 9

社团4是是line 15

社团5是line 19, line 11

社团6是line 23